allele_0	allele_1	trait1_b	trait1_se	trait2_b	trait2_se	trait3_b	trait3_se	trait4_b	trait4_se	trait5_b	trait5_se	trait6_b	trait6_se
rs10022380	A	C	0.00192904374841372	0.0073	-0.000534486051559049	0.0093507	-0.012112123158489	0.0108563	-0.00140882774495773	0.0017	0.000841406564737962	0.0052	-0.00501242113252352	0.012
rs10060400	A	G	-0.00166608253785321	0.0072	0.00231964746919862	0.009556	-5.36344234575157e-06	0.0107934	-0.00130819719174647	0.0017	0.00106282934493216	0.0052	0.000898058786243797	0.012
rs10077696	A	C	-0.00186528805868348	0.0072	0.00206951181310796	0.0095549	-0.000464842077334619	0.0107886	-0.00130819719174647	0.0017	0.0013285366811652	0.0052	0.000751863169878528	0.012
rs10080116	A	G	-0.00166112100557848	0.0073	0.00124870451389873	0.0095506	0.000217662897905729	0.0107982	-0.0006037833192676	0.0017	0.000586987448671685	0.0051	0.00192142810080068	0.012
rs10131858	T	C	-0.000587669039683679	0.0071	-0.00433683915582375	0.0094245	-0.00241466167865243	0.0107415	0.00201261106422533	0.0017	0.00311304027265624	0.0054	0.000208850880521813	0.012
rs10138364	T	C	0.0015936441666422	0.0072	-0.000558827052437377	0.0092247	-0.0065969501085047	0.0108215	-0.00201261106422533	0.0017	0.00239310267535379	0.0051	-0.0015663816039136	0.012
rs10151172	T	C	0.000211441732183486	0.0074	-0.00114749696660854	0.0097483	0.0138440727040543	0.010806	-0.00684287761836614	0.0017	0.00172709768551476	0.0052	0.000710092993774165	0.012
rs1022092	A	G	-0.00331405548290366	0.0072	0.000679376650801816	0.00933	-0.000412059337273121	0.0109686	0.00465695837916584	0.0018	0.000812751852006948	0.0051	0.00501242113252352	0.012
rs10273974	A	C	0.000752950957094713	0.0071	1.86605551929544e-05	0.0091671	-0.00200560328102622	0.0107726	0.000402522212845067	0.0017	0.00180611522668211	0.0051	-0.00250621056626176	0.012
rs10484024	T	C	-0.000507068598477063	0.0072	-0.000943511775553665	0.0095234	0.00653305943848594	0.0109396	-0.00475199834608759	0.0018	0.00154915428761324	0.0055	0.000192785428173981	0.013
rs10497964	T	C	-0.0007859067123167	0.0073	0.000261853517248562	0.009808	-0.000958262551103693	0.0108555	0.00412585268166194	0.0017	0.001715809465348	0.0051	-0.0031327632078272	0.012
rs10735003	T	C	-0.0019739456155	0.0072	-0.000379692255738471	0.0093333	-0.0103244607380462	0.010808	0.00744666093763374	0.0017	0.000767598971339895	0.0051	-0.000605667553513259	0.012
rs10740885	A	C	0.000697856984624368	0.0071	-0.00117859339555093	0.0091812	-0.0139685893664603	0.0107754	-0.00100630553211267	0.0017	0.00311554876602663	0.0051	0.00250621056626176	0.012
rs10754690	A	G	-0.000532575067213334	0.0071	-0.00284208148123929	0.0092529	-0.00826019076859286	0.010854	0.00140882774495773	0.0017	0.00266401995935611	0.0051	-0.00355046496887083	0.012
rs10763053	T	C	-8.93075809450796e-05	0.0073	0.000773390940240192	0.0093735	-0.000738222642853705	0.0108446	0.00432711378808447	0.0017	0.00153519794267979	0.0051	0.00522127201304533	0.012
rs1078571	T	C	-0.00210765891030388	0.0073	0.000418779806867735	0.0092736	-0.0090675425153407	0.0107906	-0.0006037833192676	0.0017	0.001715809465348	0.0051	-0.00501242113252352	0.012
rs10802993	A	C	-0.000440751779762759	0.0071	0.000541213580974888	0.0091106	-0.00509951401532832	0.0107862	-0.0024151332770704	0.0017	0.000293083243602505	0.0055	-0.000647437729617621	0.012
rs10816767	A	G	-0.00161608985913012	0.0071	-0.00082151375213527	0.0091649	0.00523092886948205	0.0107256	-0.0027170249367042	0.0017	0.00432925819835701	0.005	0.000334161408834901	0.012
rs10829878	T	C	0.000285784259024255	0.0073	-0.00119257534537768	0.009909	0.00744323361307721	0.0107744	-0.000380159867687008	0.0018	0.00565539830354835	0.0068	0.00385570856347963	0.013
rs10832733	A	G	-0.000325972670449541	0.0072	0.00145992391528238	0.0094419	0.00356444509403868	0.0107085	0.00416987854869186	0.0016	0.00559250679119067	0.0035	-0.00605667553513259	0.012
rs10869422	A	G	0.00135898465426851	0.0071	0.00209397347762633	0.0092258	-0.00341519390560235	0.0108622	-0.0054340498734084	0.0017	0.00379284197603242	0.0051	-0.00144589071130486	0.013
rs10879930	A	G	-0.000470849412871559	0.0072	-0.0015370914763889	0.0092431	0.00381367517524176	0.0107926	0.000402522212845067	0.0017	0.000316070164669369	0.0051	0.00146195616365269	0.012
rs10890406	T	C	0.000750183679938669	0.0073	-0.00547316626783274	0.0096472	0.00576303497164845	0.0107336	-0.0048302665541408	0.0017	0.000496681687337579	0.0051	-0.00192142810080068	0.012
rs10893845	T	G	-0.00135747523036521	0.0073	-0.000929740607818789	0.009657	-0.0119412273725663	0.0107346	0.00171071940459153	0.0017	0.0022219970222997	0.0057	-0.00462685027617556	0.013
rs10975629	A	G	1.81095928027523e-05	0.0072	0.00161725347431514	0.009128	0.00197258141145789	0.0108238	-0.000190079933843504	0.0018	0.00153519794267979	0.0051	-1.92785428173982e-05	0.013
rs11030224	T	G	0.00178137177654115	0.0071	-0.000216285073684309	0.0095658	-0.00934945333685222	0.0108995	-0.000855359702295767	0.0018	0.00269383789941926	0.0053	0.000459471937147989	0.012
rs11076386	A	T	0.000125030613323111	0.0073	0.0010258917237277	0.0093941	-0.00460471490953373	0.0107366	-0.000805044425690134	0.0017	0.000575699228504922	0.0052	-0.00292391232730539	0.012
rs11185119	A	G	0.00164797294505045	0.0072	0.00218662619417516	0.0093529	-0.00649405540755951	0.0107924	0.006037833192676	0.0017	0.00318848803479649	0.0052	0.00131576054728742	0.012
rs1132644	T	G	-0.00334236766320092	0.0071	0.00108889236629141	0.0092964	0.00407710525435698	0.0107551	0.00191198051101407	0.0017	4.51528806670527e-05	0.0051	-0.00119045001897434	0.012
rs11599615	T	C	-0.000670054933701833	0.0072	0.00115911721452648	0.0093594	-0.0005827908179756	0.0107626	-0.00191198051101407	0.0017	0.000496681687337579	0.0051	-0.000501242113252352	0.012
rs11674662	A	G	-0.00295186362684862	0.0072	0.00237763044262454	0.009707	0.0113081782210399	0.0107442	-0.00281765548991547	0.0017	0.0058455613971269	0.0052	0.00112779475481779	0.012
rs11678194	A	G	0.00273454851321559	0.0072	0.000478187189782961	0.0095766	-0.00263050030856022	0.0109169	-0.000402522212845067	0.0017	0.00478273205219473	0.0052	-0.00636191912974139	0.013
rs11698408	A	G	0.00153931538823394	0.0072	0.00249497655969672	0.0092801	0.000165457075285707	0.0107508	-0.00171071940459153	0.0017	0.00013285366811652	0.0052	0.00125310528313088	0.012
rs11741259	T	C	0	0.0072	0.00117662619904398	0.0093105	0.0023111829424308	0.0107887	-0.00382396102202814	0.0017	0.00367561815122373	0.0052	-0.00501242113252352	0.012
rs11742145	T	C	0	0.0072	0.00104164652258386	0.0092964	0.00311125287631445	0.0107775	-0.00372333046881687	0.0017	0.00356281786697385	0.0053	-0.00250621056626176	0.013
rs11765968	T	C	-0.00163445451662023	0.0071	-0.00221415630574347	0.009317	-0.00822354982240052	0.0108048	0.003018916596338	0.0017	0.00208555192213104	0.0053	0.000187965792469632	0.012
rs11850908	A	T	0.00156099588665977	0.0071	-0.000683122217463807	0.0092247	-0.0066145756272639	0.0108313	-0.0021132416174366	0.0017	0.00230279691401969	0.0051	-0.00144107107560051	0.012
rs11868863	A	G	-3.67293149802299e-05	0.0071	-0.00355552791580085	0.0093051	0.000625707627571729	0.010828	0.0021132416174366	0.0017	0.00309991892271881	0.0052	-0.00250621056626176	0.012
rs1197943	T	C	-0.0019739456155	0.0072	-0.000213627556241458	0.0092736	-0.00552759363196023	0.0108278	-0.00161008885138027	0.0017	0.000442845560388401	0.0052	0.000125310528313088	0.012
rs12050484	A	G	0.000416520634463302	0.0072	0.000780351892126794	0.0094854	0.000993922909870954	0.0108486	0.00104543963613927	0.0018	0.000376821313203221	0.0055	-0.000424127941982759	0.013
rs12186748	T	G	-0.00164325948938946	0.0073	0.00118886848838117	0.0095549	0.000178180688390675	0.0107964	-0.000704413872478867	0.0017	0.000406375926003474	0.0051	0.0019005430127485	0.012
rs1234380	T	C	0.00165629356877064	0.0074	-8.95842626285541e-05	0.0094702	0.00097176739771776	0.010906	-0.0003018916596338	0.0017	0.00274564247440809	0.0052	0.000668322817669802	0.012
rs12476224	A	G	-0.000697856984624368	0.0071	-0.00423605242981858	0.009443	0.000586822812249197	0.0107446	0.00261639438349293	0.0017	0.00067729321000579	0.0051	0.00522127201304533	0.012
rs12478057	A	G	-0.000941698825743117	0.0072	0.00235509852598426	0.0093778	0.00493697000423458	0.0108413	-0.000962279665082738	0.0016	0.00268659639968963	0.0036	0.00292391232730539	0.012
rs12544945	T	G	-0.000488959005674311	0.0072	0.00375264413146849	0.0093116	0.00152145775465763	0.0108964	-0.0003018916596338	0.0017	0.00422179434236942	0.0054	-0.00366292313530565	0.013
rs1258012	A	G	0.000750183679938669	0.0073	-0.004482720075394	0.0096505	-0.00573514977444364	0.0107378	-0.0048302665541408	0.0017	0.000316070164669369	0.0051	-0.00160815178001796	0.012
rs12672338	T	C	-0.000697856984624368	0.0071	0.000817410045215003	0.0092703	0.00540694012534805	0.0107541	-0.0036226999156056	0.0017	0.00212218539135148	0.0051	-0.00206762371716595	0.012
rs12692816	T	C	0.00178137177654115	0.0071	-0.00219275969813859	0.0097537	0.00224929421077567	0.0108302	-0.00342143880918307	0.0017	0.00146139034928172	0.0052	-0.00250621056626176	0.012
rs12694267	T	C	-0.0007859067123167	0.0073	5.63492838745159e-05	0.0098047	-0.000737258432362905	0.0108533	0.00402522212845067	0.0017	0.00198672674935032	0.0051	-0.0031327632078272	0.012
rs1271113	A	G	0	0.0073	-0.00280786868806863	0.0100926	-0.00310894613611345	0.010874	0.000950399669217519	0.0018	0.000277923765485135	0.0058	-0.00192785428173981	0.013
rs12776277	A	G	-0.00135898465426851	0.0071	-0.000256552875541812	0.0091997	-0.0118302146534597	0.0108351	-0.0021132416174366	0.0017	0.0033413131693619	0.0051	0.00171257722027887	0.012
rs12921064	A	T	0.00117886006847505	0.0073	0.00178374064739015	0.0096342	0.00773519910441114	0.0108051	-0.0069435081715774	0.0017	0.0033413131693619	0.0051	-0.00162903686807014	0.012
rs12931472	A	G	0.000217315113633027	0.0072	-0.00120436736478058	0.0096853	-0.00578073176676138	0.0107598	0.00160379944180456	0.0016	0.000127933161889983	0.0036	0.000543012289356715	0.012
rs12932376	A	G	-8.93075809450796e-05	0.0073	0.00149292532687159	0.0093648	-0.00460403031681002	0.0107365	0.0009056749789014	0.0017	0.00163852857343708	0.0052	0.00355046496887083	0.012
rs12997574	A	C	0.000606033697173794	0.0071	5.57316210816695e-05	0.0094571	-0.00756428482746	0.0107613	-0.00201261106422533	0.0017	0.00212218539135148	0.0051	-0.00334161408834901	0.012
rs13013744	T	C	-0.000839491260883748	0.0073	6.46151105106107e-05	0.0098026	-0.000907437775424872	0.0108505	0.00402522212845067	0.0017	0.00189642098801621	0.0051	-0.00334161408834901	0.012
rs13097076	A	G	0.000303645775213271	0.0073	0.00214394182043491	0.0100448	0.00225929183551507	0.010861	0.000380159867687008	0.0018	0.00138167814841181	0.0065	0.000483340609207625	0.014
rs1323076	C	G	-0.000597616562490824	0.0072	0.000921884626458729	0.0093757	0.00794742705001964	0.010837	0.0107674691936055	0.0017	0.000496681687337579	0.0051	0.00522127201304533	0.012
rs1323588	T	C	-0.00102842081944644	0.0071	-0.00145810148048339	0.0093887	0.00453646496220938	0.010764	-0.00285119900765256	0.0018	0.00581979583724975	0.0055	-0.000459471937147989	0.012
rs1329543	A	G	0	0.0073	-0.00067646047101458	0.0093463	0.0120701581583304	0.0107854	0.00322017770276053	0.0017	0.00230279691401969	0.0051	0.00142018598754833	0.012
rs13296908	A	G	-0.00222212355630391	0.0071	0.00266591256455997	0.0091932	0.00264446440602636	0.0108449	-0.0114718830660844	0.0017	0.00149004506201274	0.0051	-0.00375931584939264	0.012
rs1329771	T	C	0.000525178191279815	0.0072	0.00386416705868017	0.009266	0.00860158228702068	0.0109306	0.009056749789014	0.0017	0.00208137413382549	0.0052	0.00355046496887083	0.012
rs1331601	A	G	-0.000579506969688072	0.0072	-0.00288309643062342	0.0093137	0.010294081591812	0.0107768	-0.00311954714954927	0.0017	0.000361223045336421	0.0051	0.000292391232730539	0.012
rs13324317	A	G	-0.000217315113633027	0.0072	0.00501828318796774	0.0095755	-0.00730306315335388	0.0108689	-0.00285119900765256	0.0018	0.00500035901329989	0.007	0.00327735227895769	0.013
rs1332704	T	C	0.00124879670932782	0.0071	0.00155211833483116	0.0091834	-0.000336129609749359	0.0108346	-0.0006037833192676	0.0017	0.00338646605002895	0.0051	0.00417701761043627	0.012
rs1343099	T	C	-0.00103224678975688	0.0072	0.00508060062909147	0.0092442	-0.0126287302313685	0.0109557	0.0048302665541408	0.0017	0.00149004506201274	0.0051	0.00198408336495723	0.012
rs1379444	A	C	0.00195583602269724	0.0074	-0.000595391450971896	0.009392	0.00218309957704409	0.0108246	0.0139876468963661	0.0017	0.00415406502136885	0.0051	0.00501242113252352	0.012
rs1410165	A	G	-7.34586299604598e-05	0.0071	0.00396936921086311	0.0092953	0.00158759097172684	0.0108495	-0.000704413872478867	0.0017	0.00298009012402548	0.0051	0.0021206397099138	0.013
rs1410166	C	G	7.34586299604598e-05	0.0071	0.0039756403223683	0.0092975	0.00159518795219049	0.0108498	0.0006037833192676	0.0017	0.00284463148202432	0.0051	-0.00250621056626176	0.012
rs1439547	T	C	-0.00168954848909058	0.0071	-0.0013068881726216	0.0092616	-0.00829915951443761	0.010736	0.0024151332770704	0.0017	0.00239310267535379	0.0051	0.00438586849095808	0.012
rs1439549	T	G	-0.00163445451662023	0.0071	-0.00118793906543568	0.0092627	-0.00850666230836326	0.0107333	0.00251576383028167	0.0017	0.00212218539135148	0.0051	0.00459471937147989	0.012
rs1447690	A	G	0.00248101421397706	0.0072	0.00221761221895229	0.0091899	-0.00345959593915227	0.0108127	0.0009056749789014	0.0017	0.00212218539135148	0.0051	-0.0031327632078272	0.012
rs1490392	T	C	0.000312199177331954	0.0071	0.000541889354105792	0.0091291	0.00158546461102081	0.0108475	-0.000503152766056334	0.0017	0.00325100740802779	0.0051	0.00334161408834901	0.012
rs1493318	T	C	-0.000624398354663909	0.0071	0.0014063271964851	0.0091541	0.00275957511682174	0.0108537	-0.0009056749789014	0.0017	0.00208137413382549	0.0052	-2.08850880521813e-05	0.012
rs1503239	A	C	0.000165281917411035	0.0071	0.00140382608816092	0.0094734	-0.000324347635809132	0.0108227	-0.000100630553211267	0.0017	0.0024834084366879	0.0051	-0.00031327632078272	0.012
rs1519654	T	C	0.00179725472355963	0.0074	-0.0035300794607692	0.0103001	-2.18101059221957e-05	0.0107417	-0.0018113499578028	0.0017	0.000875062827327481	0.005	-0.000417701761043627	0.012
rs1539130	A	G	0.00139443864581192	0.0072	0.00238343911342281	0.0093691	-0.00399309981340651	0.0107348	0.0021132416174366	0.0017	0.000708552896621442	0.0052	-0.00062655264156544	0.012
rs1558789	A	C	0.00106846597536238	0.0072	-0.000934634577076809	0.0091736	-0.00454365665457656	0.0107884	0.0003018916596338	0.0017	0.00103851625534221	0.0051	-0.000480357025200171	0.012
rs1561735	T	C	0.00184717846588073	0.0072	0.00229820830164668	0.0095516	-0.00130010412838092	0.0107999	0.00171071940459153	0.0017	0.000929975676815642	0.0052	-0.000459471937147989	0.012
rs1562049	T	C	-0.000107169097134096	0.0073	0.00651490621385089	0.0093724	-0.0181420942449849	0.0108799	0.001509458298169	0.0017	0.0036460951138645	0.0036	-0.000981599138452522	0.012
rs1572226	C	G	0.00974296092788071	0.0072	-0.00342463251058708	0.0092247	-0.0228804281094317	0.0108125	-0.00620135784164431	0.0016	0.000995804070927432	0.0037	-0.00183788774859196	0.012
rs1584276	T	C	-0.00182906887307798	0.0072	-0.00217649591545242	0.0097841	0.00281326198625295	0.010835	0.00311954714954927	0.0017	0.00137282123720404	0.0052	0.00250621056626176	0.012
rs1590813	T	C	0.00108657556816514	0.0072	0.00510041989057381	0.0092323	-0.0126313245574984	0.0109445	-0.00503152766056334	0.0017	0.00119568301304868	0.0052	-0.00200496845300941	0.012
rs1613854	T	C	0.00155742498103669	0.0072	-0.0010037011206503	0.0093876	-0.00491345416326509	0.0108174	-0.00130819719174647	0.0017	0.000810243358636556	0.0054	0.0030845668507837	0.013
rs17007696	T	G	-0.000543287784082568	0.0072	-0.000246023022201934	0.0094713	-0.00187280068064756	0.0108417	-0.0009056749789014	0.0017	0.00137282123720404	0.0052	-0.00250621056626176	0.012
rs1704396	A	G	-0.0007859067123167	0.0073	-0.00209284387879445	0.0094539	-0.00451987041970991	0.0108203	-0.0027170249367042	0.0017	0.00158035082334684	0.0051	0.00250621056626176	0.012
rs17218565	T	C	-0.000923589232940365	0.0072	-0.00178611864246893	0.0095929	-0.00456158343963546	0.0108506	-0.00281765548991547	0.0017	0.000391040985399569	0.0053	-0.000355046496887083	0.012
rs17238968	A	G	0.00266211014200458	0.0072	0.000384815290338482	0.0095875	-0.0044600790000372	0.0108383	-0.00114047960306102	0.0018	0.0015910233224136	0.0055	-0.000790420255513324	0.013
rs17294023	A	C	-0.000633835748096329	0.0072	0.00108174077023484	0.0094006	-0.000965081836136159	0.010757	-0.00191198051101407	0.0017	0.000541834568004632	0.0051	-0.00112779475481779	0.012
rs17334464	T	C	-0.00196476678079175	0.0073	-0.000898387965571007	0.0098808	0.000341425124956303	0.0108655	0.00231450272385913	0.0017	0.000270917284002316	0.0051	-0.00138805508285267	0.013
rs173412	C	G	0.000678737615182605	0.0073	0.00143311651116031	0.0095669	0.0082270851049767	0.0107855	0.00251576383028167	0.0017	0.000541834568004632	0.0051	0.000751863169878528	0.013
rs17455697	A	G	0.00175042858652356	0.0073	0.00137750022355626	0.0095353	0.00061247697374236	0.010792	0.000704413872478867	0.0017	0.000722446090672843	0.0051	-0.00177523248443541	0.012
rs17455739	A	T	-0.00176829010271258	0.0073	0.00137112306876312	0.0095375	0.000570373482695485	0.0107915	-0.000704413872478867	0.0017	0.000797122008699122	0.0052	0.00183788774859196	0.012
rs1754081	A	G	0.00106846597536238	0.0072	0.00506537841359847	0.0092268	-0.0126131926391316	0.0109529	-0.0048302665541408	0.0017	0.001715809465348	0.0051	-0.00192142810080068	0.012
rs17545164	A	G	0.000365089390903485	0.0075	-0.000683350153457756	0.0098373	0.0137247043764918	0.010827	-0.0069435081715774	0.0017	0.00163852857343708	0.0052	0.000134949799721787	0.013
rs17559651	A	C	-0.000796822083321099	0.0072	0.00226553255652957	0.0094006	0.00497515368411027	0.0108371	-0.000855359702295767	0.0016	0.00262262981874464	0.0036	0.00271506144678357	0.012
rs1764424	C	G	0.00152120579543119	0.0072	-0.000872553927837082	0.0093865	-0.00519988617169245	0.010819	-0.00140882774495773	0.0017	0.000554377034856591	0.0054	0.00375931584939264	0.012
rs1777044	T	C	0.00101413719695413	0.0072	0.0050267514826606	0.0092301	-0.0126010359065924	0.0109502	-0.00493089710735207	0.0017	0.00153519794267979	0.0051	-0.00119526965467869	0.013
rs1777045	A	C	0.00110468516096789	0.0072	0.00508868952431877	0.0092236	-0.012607024920157	0.0109519	-0.00472963600092954	0.0017	0.00135458642001158	0.0051	-0.00187965792469632	0.012
rs1779448	A	T	0.000357230323780318	0.0073	0.0023601999272864	0.0095495	0.00615883984904564	0.0107141	-0.000503152766056334	0.0017	0.000531414672466081	0.0052	0.00355046496887083	0.012
rs17804371	C	G	-0.000853163038707439	0.0081	0.00198807491222692	0.0113951	-0.00238310749886865	0.0107645	0.00189079513139064	0.0019	0.00224593773095747	0.0081	0.00214818048536722	0.014
rs1780624	C	G	0.0022201381879266	0.0074	-0.00145568295640476	0.0097092	-0.00355263289778713	0.0107329	0.0003018916596338	0.0017	0.000608285977288219	0.0053	0.00424127941982759	0.013
rs1862552	T	C	0.000869260454532108	0.0072	-0.00152422545964279	0.0094561	0.00235243195974	0.0108133	0.0018113499578028	0.0017	0.00247993513817505	0.0052	-0.00334161408834901	0.012
rs1867283	A	G	-0.000416520634463302	0.0072	0.00129033263121342	0.009556	-0.00298042760294172	0.010803	-0.0025660791068873	0.0018	0.00117233297441002	0.0055	0	0.013
rs1901304	A	C	0.00172627780407081	0.0071	0.000669166710312615	0.0092029	-0.00141226253944573	0.0108626	0	0.0017	0.00067729321000579	0.0051	-0.00292391232730539	0.012
rs1925605	A	C	-0.000642763012154024	0.0071	-0.00189406946752324	0.0091975	0.00793753288680643	0.0108575	0.00704413872478867	0.0017	0.000180611522668211	0.0051	0.00327735227895769	0.013
rs1929889	A	G	0.00202827439390825	0.0072	-0.00361041471752044	0.0093474	-0.00292640746855691	0.0107273	0.006037833192676	0.0017	0.00251601885050299	0.0054	0.00438586849095808	0.012
rs1933079	A	G	-0.0020101648011055	0.0072	-0.00466639815019193	0.0092855	0.0120461359691976	0.0108879	0.000475199834608759	0.0018	0.000912428965932328	0.0053	-4.17701761043627e-05	0.012
rs1951167	A	G	-0.000569304382193564	0.0071	-0.00388930049191688	0.0092822	-0.00321289463123479	0.0108511	-0.00140882774495773	0.0017	0.000496681687337579	0.0051	-0.0012322201950787	0.012
rs1961976	A	G	-0.000863138902035403	0.0071	-0.00177681098736622	0.0091943	-0.0136224434757781	0.0107589	0.0006037833192676	0.0017	0.00261886707868905	0.0051	-0.00250621056626176	0.012
rs1965290	T	C	-0.000169336452181579	0.0077	0.00480483853245411	0.0100307	0.000578694294123175	0.0107951	0.0126794497046196	0.0017	0.00211089717118471	0.006	0.00269899599443574	0.013
rs1988021	A	C	0.000543287784082568	0.0072	-0.00268458696072286	0.0093583	0.00506537693416046	0.0108506	0.00281765548991547	0.0017	0.000586987448671685	0.0051	0.00192142810080068	0.012
rs2017301	T	C	0.0028859447090466	0.0075	-0.000262381372844196	0.0095592	-0.00182602162137085	0.0107514	0.00794981370369007	0.0017	0	0.0053	0.0010410413121395	0.013
rs2068650	A	C	3.62191856055045e-05	0.0072	0.00128446320778007	0.0093909	0.00408536268343405	0.0108041	-0.00372333046881687	0.0017	0.00330212387670747	0.0053	-0.00522127201304533	0.012
rs2075127	T	C	-0.00107169097134096	0.0073	0.0021898301653648	0.0092801	-0.00765058889453667	0.0108517	-0.00285119900765256	0.0018	0.000309991892271881	0.0052	-0.00140733362567006	0.013
rs2077753	T	C	0.00150036735987734	0.0073	-0.00341892155141114	0.0092942	0.00367976946799063	0.0107962	0.0033208082559718	0.0017	0.00234794979468674	0.0051	0.00438586849095808	0.012
rs2105239	A	G	-0.00167118383160046	0.0071	-0.00419036524036921	0.0094941	-0.00534718656009015	0.0107638	0.00361151874302657	0.0018	0.00109079853821985	0.0057	0.0010024842265047	0.013
rs2113691	T	C	-0.00161608985913012	0.0071	-0.00209633735129828	0.0092573	-0.014831847446984	0.0108308	-0.0009056749789014	0.0017	0.00309991892271881	0.0052	-0.00110690966676561	0.012
rs2143205	T	C	0.00189332071603569	0.0073	-0.00239461525855257	0.0093051	0.000709666260896539	0.0108278	-0.0039245915752394	0.0017	0.0026069399026638	0.0053	0.0031327632078272	0.012
rs219196	C	G	0.00134061999677839	0.0071	-0.00291661423155512	0.0092138	0.00663221902898199	0.0108967	-0.00201261106422533	0.0017	0.00234794979468674	0.0051	0.00250621056626176	0.012
rs2197869	T	G	-0.000202011232391265	0.0071	-0.000741126067673352	0.0092638	0.00108359031165164	0.0107621	-0.00100630553211267	0.0017	0.00181566679759245	0.0052	-0.00355046496887083	0.012
rs2197872	T	C	-0.000202011232391265	0.0071	-0.000749948926813914	0.0092627	0.00108853312714734	0.0107622	-0.00110693608532393	0.0017	0.00186830693024239	0.0053	-0.00355046496887083	0.012
rs2199718	T	G	0.00163445451662023	0.0071	0.00456479324908428	0.009241	-0.00757012147066663	0.0108312	0.0006037833192676	0.0017	0.00198672674935032	0.0051	-0.000366292313530565	0.013
rs220361	T	C	0.000768045196127684	0.0073	0.00205470067973368	0.0096114	0.0021235624992018	0.0108209	0.00130819719174647	0.0017	0.000825530969176869	0.0053	0.00129487545923524	0.012
rs2237123	A	G	-0.000808044929565058	0.0071	-0.00202964439532044	0.0091378	-0.00872582036037072	0.0107946	0.00342143880918307	0.0017	0.00203187963001737	0.0051	0.00185877283664414	0.012
rs2239142	C	G	-0.00125030613323111	0.0073	0.000799556509753736	0.0097722	-0.000428620648129396	0.0108602	0.000855359702295767	0.0018	0.00127050864221776	0.0058	0.00289178142260972	0.013
rs2246616	T	C	0.00152120579543119	0.0072	0.00617571500955212	0.0094028	0.00248861253627598	0.0107983	0.00291828604312673	0.0017	0.00163852857343708	0.0052	0.00208850880521813	0.012
rs2279011	T	G	-0.00199205520830275	0.0072	0.00294008422839307	0.0092975	0.00800440428028435	0.010844	0.00555983806492249	0.0016	0.0075307682863887	0.0037	0.00229735968573995	0.012
rs2280378	A	G	0.00135898465426851	0.0071	0.00392049203676973	0.0093876	-0.00132936660182239	0.010801	-0.0021132416174366	0.0017	0.00501196975404285	0.0051	-0.000396816672991445	0.012
rs2284396	T	C	0.00212552042649289	0.0073	0.00356850810656499	0.0093898	0.00640634672956966	0.0108546	-0.0003018916596338	0.0017	0.00447524683290618	0.0053	-0.00250621056626176	0.013
rs2331693	A	G	-0.00189155972148184	0.0071	-0.0021877709486511	0.0093311	0.00411621058348758	0.010811	-0.00261639438349293	0.0017	0.00189642098801621	0.0051	-0.00179611757248759	0.012
rs2366958	T	C	0.00313295955487614	0.0072	-0.000814461330613343	0.00967	0.00165497013333141	0.01078	0.0048302665541408	0.0017	0.00225764403335263	0.0051	-0.00355046496887083	0.012
rs2384208	T	C	-0.000918232874505748	0.0071	-0.00200319252216994	0.0091823	-0.0136313469817026	0.0107667	0.0009056749789014	0.0017	0.00252856131735495	0.0051	-0.00250621056626176	0.012
rs2390274	T	C	-0.00196476678079175	0.0073	-0.000565207615782282	0.0093496	-0.0116038845715406	0.0108559	0.00161008885138027	0.0017	0.000782081970799139	0.0053	0.00501242113252352	0.012
rs2430617	A	T	-0.00210071276511926	0.0072	-0.00163615073781363	0.0093659	-0.0041234300398843	0.0108046	-0.00247103913996555	0.0018	0.00139036794808736	0.0053	7.71141712695926e-05	0.013
rs2436104	A	G	-0.000362191856055045	0.0072	0.0041174501956861	0.0092507	0.0019577677640859	0.0107689	0.0063397248523098	0.0017	0.000948210494008106	0.0051	-0.000187965792469632	0.012
rs2436106	A	G	0.000325972670449541	0.0072	0.00287818118584525	0.0092268	-0.00179951313499887	0.0107702	-0.00623909429909854	0.0017	0.00108366913600926	0.0051	-0.000480357025200171	0.012
rs2456709	T	C	-0.000275469862351724	0.0071	0.00172905595884749	0.0092985	-0.0034437143041526	0.0108066	0.003018916596338	0.0017	0.00275432572069021	0.0051	0.00334161408834901	0.012
rs2475320	A	T	-0.000293834519841839	0.0071	0.00201960706404811	0.0093137	-0.00314823332800673	0.0108047	0.003018916596338	0.0017	0.00329616028869484	0.0051	0.0031327632078272	0.012
rs2475321	T	G	-0.000238740547371494	0.0071	0.00180664096483574	0.009292	-0.0031534224842901	0.0108073	0.00291828604312673	0.0017	0.00307039588535958	0.0051	0.0031327632078272	0.012
rs2515108	T	G	-0.00175042858652356	0.0073	0.00105883115236853	0.0095647	-0.0244094838439037	0.010809	0.0048302665541408	0.0017	0.00401860637936769	0.0051	-0.00229735968573995	0.012
rs2614738	T	C	0.0018364657490115	0.0071	-0.00177013037827947	0.009229	-0.00925839492568602	0.0108268	0.00130819719174647	0.0017	0.00212218539135148	0.0051	-0.00164992195612233	0.012
rs2647958	C	G	-0.00143244328422897	0.0071	-7.47991267012514e-05	0.0093333	-0.00105968416993986	0.0107442	0.00201261106422533	0.0017	0.00139973930067863	0.0051	0.00375931584939264	0.012
rs2651730	T	G	-0.00193772642989449	0.0072	-0.00285953903608447	0.0092627	0.00310560738510589	0.010767	0.00191198051101407	0.0017	0.00115139845700984	0.0054	0.00559077741704546	0.013
rs2685776	A	G	0.000330563834822069	0.0071	5.57316210816695e-05	0.0094571	-0.00192528422328653	0.0107301	0.00553468042661967	0.0017	0.000451528806670527	0.0051	0.000647437729617621	0.012
rs2689680	A	G	0.00039841104166055	0.0072	7.59130552066194e-05	0.0092877	3.45477355741312e-05	0.0107327	-0.00684287761836614	0.0016	0.00500035901329989	0.0035	-0.000375931584939264	0.012
rs2733386	A	G	-0.000823509904293576	0.0076	-0.001807500404044	0.0105793	0.00275711119620853	0.0108716	-0.00114047960306102	0.0018	0.00391040985399569	0.0053	0.00347013770713167	0.013
rs2743312	A	G	-0.00101810642277391	0.0073	0.00649650467995287	0.0094235	-0.00712699824308384	0.0108914	0.00311954714954927	0.0017	0.00185126810734916	0.0051	-0.00171257722027887	0.012
rs2747740	A	G	0.00101005616195632	0.0071	-0.000231888729762381	0.0091215	-0.00450393707804107	0.0108343	-0.0012075666385352	0.0017	0.00307039588535958	0.0051	-0.00173346230833105	0.012
rs2769345	T	C	0.00141105977893226	0.0073	-0.00130045625563944	0.0097678	-0.00195181304937689	0.0108139	-0.00285119900765256	0.0018	0.00351936886859612	0.0053	0.00289178142260972	0.013
rs2834741	A	T	-0.000803768228505716	0.0073	-0.00314871478614971	0.0094582	-0.00581705380919336	0.0108599	-0.00432711378808447	0.0017	0.00225934791564196	0.0053	-0.000867534426782917	0.013
rs2837054	A	G	0.0015936441666422	0.0072	0.00541321861119626	0.0093018	0.00268329235041473	0.0107671	0.0027170249367042	0.0017	0.00180611522668211	0.0051	0.00229735968573995	0.012
rs2841606	T	C	0.00143244328422897	0.0071	-0.00514124497191084	0.0095115	-0.00448435898803261	0.0107943	0	0.0017	0.000929975676815642	0.0052	-0.000981599138452522	0.012
rs2877461	A	C	0.00185483040650161	0.0071	-0.00215754035386674	0.0093322	0.0039214810384151	0.0108125	0.00251576383028167	0.0017	0.00167065658468095	0.0051	0.00179611757248759	0.012
rs2937719	A	G	0.00205684163889288	0.0071	-0.00290504000618842	0.0096635	-0.00873396061981063	0.0107956	-0.000704413872478867	0.0017	0.000544297452404653	0.0055	0.00584782465461077	0.012
rs3014940	T	C	0.00410814872347366	0.0073	0.00275006696542466	0.009544	0.0131178463757968	0.0107732	-0.00352206936239434	0.0017	0.0033413131693619	0.0051	-4.17701761043627e-05	0.012
rs310091	T	C	0.00159943923633908	0.0075	0.00150414957404455	0.0095777	0.0106642721990018	0.0108275	0.0117737747257182	0.0017	0.00149004506201274	0.0051	0.0108602457871343	0.012
rs3104051	A	G	-0.0024608641036754	0.0071	-0.000167872893144773	0.0092812	-0.00209634019980685	0.01084	0.0021132416174366	0.0017	0.00176096234601505	0.0051	-0.00459471937147989	0.012
rs3115090	T	C	-0.000697856984624368	0.0071	-0.00560557333842342	0.0092453	-0.00869775484015582	0.010775	-0.010566208087183	0.0017	0.000487130116427241	0.0052	-0.00271506144678357	0.012
rs3115092	T	C	-0.000752950957094713	0.0071	-0.00558164616863888	0.0092518	-0.00872550176819566	0.0107745	-0.010566208087183	0.0017	0.000361223045336421	0.0051	-0.00161939759666144	0.013
rs334102	A	G	0.00141254823861468	0.0072	-0.000504971168937806	0.0095951	-0.00844217208120682	0.0108467	0.00130819719174647	0.0017	0.00261278880629157	0.0052	-0.00062655264156544	0.012
rs339642	T	C	-0.000697856984624368	0.0071	0.000484041751190198	0.009179	0.00150203797016147	0.0107495	0.0006037833192676	0.0017	0.00139973930067863	0.0051	-0.00417701761043627	0.012
rs339644	T	C	0.000697856984624368	0.0071	0.00051944678860714	0.0091497	0.00147098440254202	0.010753	-0.000704413872478867	0.0017	0.00158035082334684	0.0051	0.00396816672991445	0.012
rs339646	T	G	-0.000661127669644138	0.0071	0.0004631060133837	0.0091497	0.00160119131199091	0.010741	0.000704413872478867	0.0017	0.00117397489734337	0.0051	-0.00396816672991445	0.012
rs354532	T	C	-0.00376475478547357	0.0071	5.29881496838697e-05	0.0092051	-0.00058198387279905	0.0108586	0.00372333046881687	0.0017	0.00194157386868326	0.0051	0.00647437729617621	0.012
rs369871	A	G	-0.000217315113633027	0.0072	0.0044129290413163	0.0091258	-0.00739553968734329	0.0107354	0.00261639438349293	0.0017	0.00189642098801621	0.0051	0.00396816672991445	0.012
rs3735887	T	C	-0.000550939724703449	0.0071	-0.00158905539809237	0.0092507	0.0089934787544384	0.0108093	0.00161008885138027	0.0017	0.00356707757269716	0.0051	-0.00459471937147989	0.012
rs3742929	T	C	-0.0016298633522477	0.0072	-0.00183373763776738	0.009606	0.00860611561553206	0.0107739	0.0006037833192676	0.0017	0.00338646605002895	0.0051	-0.00271506144678357	0.012
rs3751411	A	G	0.00313638569405504	0.0074	0.00049835736468555	0.0097178	-0.0072564750635272	0.0107912	0.000285119900765256	0.0018	0.00201494729976723	0.0056	-0.000269899599443574	0.013
rs3766601	T	C	-0.000569304382193564	0.0071	8.18964168328961e-05	0.0092019	0.00149250088741303	0.0107508	-0.0006037833192676	0.0017	0.00194157386868326	0.0051	-0.00355046496887083	0.012
rs3784113	A	G	0.00187319506399173	0.0071	-0.00214612473276471	0.0093366	0.00374717145549069	0.0108107	0.00261639438349293	0.0017	0.00208137413382549	0.0052	0.00175434739638323	0.012
rs3784244	A	G	-0.00330563834822069	0.0071	0.000248643846319873	0.0092692	-0.00432352593082943	0.0107592	0.00191198051101407	0.0017	0.000496681687337579	0.0051	-0.00114867984286997	0.012
rs3787239	T	C	-0.00126767149619266	0.0072	-0.00138304502099067	0.0092497	-0.00479398760683214	0.0108146	-0.00593720263946474	0.0017	0.00247993513817505	0.0052	-0.00647437729617621	0.012
rs3792574	A	G	0.00161608985913012	0.0071	0.00262347914770823	0.0091454	-0.00695410450377619	0.0108275	0.000100630553211267	0.0017	0.00423714632179622	0.005	0.00121133510702652	0.012
rs3820225	T	C	-0.0137260924475779	0.0074	0.00822110334626496	0.0098764	0.0103268326277348	0.0108436	-0.00465695837916584	0.0018	0.00196784463561682	0.0055	-0.00292391232730539	0.012
rs3885031	T	G	0.000991691504466208	0.0071	0.00156332246970754	0.0092344	-0.00168820654325701	0.0108312	-0.000704413872478867	0.0017	0.00394132548745677	0.0052	0.00396816672991445	0.012
rs391759	A	G	0.000839491260883748	0.0073	0.000946561113236672	0.0095147	-0.00563974366879859	0.0108991	-0.00402522212845067	0.0017	4.42845560388401e-05	0.0052	0.00229735968573995	0.012
rs40487	A	G	0.00369435693176146	0.0072	-0.00454721486072667	0.0092996	0.000660047555208915	0.0107278	-0.000805044425690134	0.0017	0.00212218539135148	0.0051	-0.00135753072339179	0.012
rs4132823	A	G	0.000941698825743117	0.0072	-0.00107781830277018	0.009808	-0.0106206520077511	0.0107883	-0.0069435081715774	0.0017	0.00216994324590317	0.0052	0.00250621056626176	0.013
rs4142949	A	C	0.0011771235321789	0.0072	0.00192636666444404	0.0094213	0.00304366989920885	0.0108191	0.00372333046881687	0.0017	0.00296706525460229	0.0052	0.000146195616365269	0.012
rs4317341	A	G	0.000181095928027523	0.0072	0.00130850338651189	0.0093279	0.00180159463976276	0.0107905	-0.00372333046881687	0.0017	0.00314420347875765	0.0052	-0.00250621056626176	0.013
rs4367848	C	G	-0.000202011232391265	0.0071	-0.000504384748992063	0.0093496	0.00479320928549642	0.0108923	0.0012075666385352	0.0017	0.00182485793186466	0.0053	0.00375931584939264	0.012
rs4405698	T	C	-0.000606033697173794	0.0071	-6.24960396386574e-05	0.0093952	-0.00766173584788484	0.0107633	0.00201261106422533	0.0017	0.00225764403335263	0.0051	0.00292391232730539	0.012
rs4415381	A	G	0.00179973643403127	0.0071	0.00170085855988618	0.0092583	-0.00617496106549313	0.0108401	0.0048302665541408	0.0017	0.00067729321000579	0.0051	0.00200496845300941	0.012
rs4424329	C	G	-0.00181810109152138	0.0071	0.00173390441688226	0.0092605	-0.0061899919132724	0.0108397	-0.00503152766056334	0.0017	0.000135458642001158	0.0051	-0.00198408336495723	0.012
rs445417	A	G	0.000750183679938669	0.0073	0.00106925179641967	0.0095104	-0.00590951512978991	0.0108825	-0.00382396102202814	0.0017	0.000309991892271881	0.0052	0.00271506144678357	0.012
rs4494463	A	T	-0.000108657556816513	0.0072	-0.00118381470581873	0.0092442	0.00841372725214947	0.0107929	0.00311954714954927	0.0017	0.000406375926003474	0.0051	0.00250621056626176	0.012
rs4502701	A	C	-0.0020101648011055	0.0072	-0.000529666302790287	0.0093485	-0.0115024654643801	0.0108556	0.00130819719174647	0.0017	0.000797122008699122	0.0052	0.00501242113252352	0.012
rs4509402	T	C	-0.00181810109152138	0.0071	0.00170424184480795	0.0092779	-0.00618943548152618	0.0108398	-0.0048302665541408	0.0017	4.51528806670527e-05	0.0051	-0.0019005430127485	0.012
rs455318	T	G	0.000334782742623852	0.0074	-0.00465369512194606	0.0095006	0.00135491219577528	0.0107884	-0.0051321582137746	0.0017	0.000316070164669369	0.0051	-0.00355046496887083	0.012
rs4559495	A	T	0.00132200027460091	0.0072	0.000440569421261753	0.0093344	-0.00205985415439273	0.0108503	0.00352206936239434	0.0017	0.00252421969421389	0.0052	0.00396816672991445	0.012
rs4591859	T	C	-0.00297507451339862	0.0071	0.00287246465139113	0.0091671	0.000358392255399856	0.0107872	0.000402522212845067	0.0017	0.00338646605002895	0.0051	0.00198408336495723	0.012
rs4654058	C	G	-0.0011771235321789	0.0072	-0.0008689382956186	0.0094495	0.00280861111572871	0.0108053	0.0012075666385352	0.0017	4.51528806670527e-05	0.0051	-0.00292391232730539	0.012
rs4702257	A	C	-0.000918232874505748	0.0071	0.000935433683512712	0.0092399	-0.00162449154770683	0.0108052	-0.001509458298169	0.0017	0.000426443872966608	0.0054	0.000578356284521944	0.013
rs4732038	A	C	-0.00139571396924874	0.0071	0.00250348334525668	0.0091867	-0.0065210008383399	0.0108348	-0.000201261106422533	0.0017	0.00498939331370932	0.0054	-0.00192142810080068	0.012
rs4750625	A	G	-0.000470849412871559	0.0072	0.000966765298355136	0.0094115	-0.000940777625774152	0.0107575	-0.00140882774495773	0.0017	0.000180611522668211	0.0051	-0.00031327632078272	0.012
rs4752344	A	G	0.000257105204861609	0.0071	0.00227651142402528	0.0093116	0.00304340520302963	0.0108091	-0.00311954714954927	0.0017	0.00352192469203011	0.0051	-0.0031327632078272	0.012
rs4764863	A	G	0.000275469862351724	0.0071	0.000176645422491727	0.0091867	-0.000602479534212452	0.0108	-0.00299375895803518	0.0016	0.00282915049436704	0.0035	0.00208850880521813	0.012
rs4766415	A	T	-0.0019739456155	0.0072	-0.000463364274047824	0.0092344	-0.010166706744686	0.0108077	0.00744666093763374	0.0017	0.00067729321000579	0.0051	-0.000327735227895769	0.013
rs4777055	T	C	-0.000202011232391265	0.0071	-0.00294588358288071	0.0092431	0.00379063553492571	0.0107598	0.0003018916596338	0.0017	0.00126428065867747	0.0051	0.0079363334598289	0.012
rs4782918	A	G	0.000688164526504586	0.0072	0.000408168787555085	0.009543	0.00582552399258169	0.0108196	-0.00100630553211267	0.0017	0.000767598971339895	0.0054	-0.000462685027617556	0.013
rs4787006	T	C	-0.000706274119307338	0.0072	-0.00468509548730244	0.0094463	-0.000984853078330891	0.010842	0.000100630553211267	0.0017	0.000265707336233041	0.0052	0.000250621056626176	0.013
rs4789004	T	C	0.000543287784082568	0.0072	0.000362869166986482	0.009594	-0.00397418505436916	0.0108032	0.0012075666385352	0.0017	0.00217718980961861	0.0055	0.00112779475481779	0.012
rs4814229	A	G	0.00132200027460091	0.0072	-0.00452348458915074	0.0092518	0.00903447478731826	0.0107965	-0.00951587668804041	0.0016	0.00230279691401969	0.0035	-0.00250621056626176	0.012
rs4820940	A	G	0.00319887847267816	0.0075	-8.40693131780379e-05	0.009569	-0.00174958773031991	0.0107639	0.00794981370369007	0.0017	0.000564836978910489	0.0053	0.000751863169878528	0.012
rs4841504	A	C	0.00224269197269284	0.0075	0.00220795081681485	0.0100991	0.0125528880343607	0.0107777	-0.0175348738970632	0.0016	0.000703632390394904	0.0036	-0.00848255883965519	0.013
rs4871510	A	G	0.000543287784082568	0.0072	0.00306595679092703	0.0094006	0.00725513891365823	0.0107777	-0.001509458298169	0.0017	0.000586987448671685	0.0051	-0.00334161408834901	0.012
rs4889843	T	C	0.000178615161890159	0.0073	-0.00168352988264942	0.0095321	0.0112556511842276	0.0107398	-0.00110693608532393	0.0017	0.00429560193576749	0.0052	-0.00112779475481779	0.012
rs489966	C	G	-0.00101005616195632	0.0071	-0.00201772686906536	0.0091975	-0.0064845842626043	0.0108294	-0.00311954714954927	0.0017	0.00275432572069021	0.0051	-0.00175434739638323	0.013
rs4984549	A	G	0.00409028720728465	0.0073	-0.0013947154134999	0.0094723	0.00642947061300184	0.0108097	0.000704413872478867	0.0017	0.00239310267535379	0.0051	-0.00250621056626176	0.012
rs503299	A	T	-0.000928798841828828	0.0073	-0.00204995794044485	0.0095017	-0.00219380945973518	0.0109221	0.00503152766056334	0.0017	0.000135458642001158	0.0051	-0.000501242113252352	0.012
rs514963	T	C	0.00102842081944644	0.0071	-0.00217727652815849	0.0092062	-0.00620420804590609	0.0108322	0.003018916596338	0.0017	0.00411846371161213	0.0052	0.00163867613947884	0.013
rs526353	A	T	0.00018364657490115	0.0071	0.00262379096722669	0.0092518	0.00151396910479282	0.0107543	-0.0003018916596338	0.0017	0.00130943353934453	0.0051	0.000877173698191616	0.012
rs544217	A	G	-0.000881503559525518	0.0071	-0.00209410675699448	0.0091932	-0.00603010403043989	0.0108301	-0.003018916596338	0.0017	0.00252856131735495	0.0051	-0.00154549651586142	0.012
rs560517	T	C	-0.000734586299604598	0.0071	0.000480303942967377	0.0091638	0.0015372634672644	0.0107447	0.0009056749789014	0.0017	0.00143381694646509	0.0053	-0.00417701761043627	0.012
rs570098	T	G	0.000517983969481462	0.0073	0.000393837780377902	0.0100546	0.00629778372622245	0.0107413	-0.00209087927227854	0.0018	0.00123364120393912	0.0056	0.00165795468229624	0.013
rs580333	A	G	-0.000330563834822069	0.0071	0.00309577435800647	0.009266	0.00197749968099236	0.0107596	0.0003018916596338	0.0017	0.000230279691401969	0.005	-0.000856288610139434	0.012
rs6019518	A	G	-0.00148498660982568	0.0072	-0.00413449243046031	0.0092942	0.00199973024220837	0.0108139	0.0054340498734084	0.0017	0.00203187963001737	0.0051	0.00116956493092215	0.012
rs6033697	T	C	-0.00128578108899541	0.0072	-0.00451479974663557	0.0092399	0.00904200617756936	0.0107966	0.00951587668804041	0.0016	0.00177644333367233	0.0035	0.00177523248443541	0.012
rs6042066	A	T	0.00134010986740367	0.0072	-0.00458526030184009	0.0092421	0.00906034372224483	0.0107963	-0.00915738034222527	0.0017	0.0017713822415536	0.0052	-0.00179611757248759	0.012
rs6042088	A	G	-0.00130389068179816	0.0072	-0.00454790599816821	0.0092377	0.00904635899474508	0.0107986	0.009056749789014	0.0017	0.0016255037040139	0.0051	0.00169169213222669	0.012
rs6046390	T	C	0.00137632905300917	0.0072	0.00661432247785041	0.0093203	0.0120935760731859	0.0109415	-0.00266111907380905	0.0018	0.00167476139201432	0.0055	-0.00231342513808778	0.013
rs6081076	A	G	-0.00155742498103669	0.0072	0.00249017934353454	0.0092692	-1.32975847247874e-05	0.0107499	0.00191198051101407	0.0017	0.000664268340582602	0.0052	-0.00125310528313088	0.012
rs6081077	A	G	0.00164797294505045	0.0072	0.00262559982484396	0.0092736	-0.000264513824396823	0.0107427	-0.0018113499578028	0.0017	0.000487130116427241	0.0052	0.000584782465461077	0.012
rs6131468	A	T	0.00144876742422018	0.0072	-0.0045355696290419	0.0092562	0.0090345786890712	0.0107963	-0.009056749789014	0.0017	0.00199280502174781	0.0052	-0.00250621056626176	0.012
rs616009	A	G	-0.0016789825217675	0.0073	-0.00194774503665695	0.0094615	-0.00273922033102581	0.0107762	-0.001509458298169	0.0017	0.00257913254370205	0.005	0.00114867984286997	0.012
rs619167	A	G	0.000734586299604598	0.0071	-0.00270338758556513	0.0091812	-0.000261163865832073	0.0108136	-0.00261639438349293	0.0017	0.00363133359518489	0.0052	0.000327735227895769	0.013
rs635548	T	C	0.000380301448857797	0.0072	0.000594491675299994	0.0095462	0.00181008112779567	0.0108049	-0.000402522212845067	0.0017	0.000442845560388401	0.0052	0.00208850880521813	0.012
rs6417121	A	G	-0.00202011232391265	0.0071	0.000439787911648083	0.0093615	-0.00362215997812158	0.0107585	-0.000100630553211267	0.0017	4.51528806670527e-05	0.0051	-0.00292391232730539	0.012
rs6429272	C	G	0.000697856984624368	0.0071	-0.00141585397525187	0.0091921	-0.00252459352153376	0.0107862	0.0018113499578028	0.0017	0.000391040985399569	0.0053	-0.00438586849095808	0.012
rs6431181	A	G	0.000550939724703449	0.0071	3.23398815605175e-05	0.0094354	-0.00795834870500357	0.0107635	-0.00191198051101407	0.0017	0.00203187963001737	0.0051	-0.00292391232730539	0.012
rs6433109	A	C	0.000881503559525518	0.0071	0.00108765030815348	0.0096407	0.010533967311472	0.0108175	-0.000704413872478867	0.0017	0.000361223045336421	0.0051	0.00438586849095808	0.012
rs6445629	T	C	0.000181095928027523	0.0072	-0.00300497152394041	0.0092529	0.00839670177434968	0.0108892	-0.00432711378808447	0.0017	0.00146139034928172	0.0052	-0.00543012289356714	0.012
rs646444	T	C	0.000257105204861609	0.0071	-0.00148529233330316	0.0092355	-0.00727138323568519	0.0108013	0.00553468042661967	0.0017	0.00134691894970963	0.0053	-9.63927140869907e-05	0.013
rs6489811	A	G	0.00205684163889288	0.0071	-0.000922770636706176	0.0092214	-0.00512687800791199	0.0107711	0.00623909429909854	0.0017	0.000309991892271881	0.0052	-0.0031327632078272	0.012
rs6492065	T	C	-0.00135821946020642	0.0072	0.00229071661435954	0.00938	-0.00412144397961678	0.0107348	-0.0021132416174366	0.0017	0.000841406564737962	0.0052	0.00062655264156544	0.012
rs6505079	A	T	0.00317708574578989	0.0071	0.00694124966365831	0.0093116	-0.00950896185233947	0.0107916	0.00533341932019714	0.0017	0.00275432572069021	0.0051	0.00164992195612233	0.012
rs6545554	T	C	-0.000697856984624368	0.0071	-0.00355194628518682	0.0094876	0.000290494021647331	0.0107457	0.0027170249367042	0.0017	0.000722446090672843	0.0051	0.00605667553513259	0.012
rs6560397	T	C	-0.00132225533928828	0.0071	0.00195562613165548	0.0092106	-0.0034909793240812	0.010858	0.00533341932019714	0.0017	0.00383799485669948	0.0051	0.00208850880521813	0.012
rs6569474	A	T	0.00121206739434759	0.0071	0.0027949774485001	0.0091541	0.00775375021022492	0.0108396	0	0.0017	0.00185995135363128	0.0052	0.000809698798330722	0.013
rs6669233	A	T	0.000514210409723219	0.0071	0.000622068005901208	0.0091193	-0.00552022956927441	0.0107854	0.00251576383028167	0.0017	0.00185126810734916	0.0051	0.000605667553513259	0.012
rs6690184	C	G	-0.00126767149619266	0.0072	-0.000604767517810509	0.0094528	0.00285708268040078	0.0108127	0.00100630553211267	0.0017	0	0.0051	-0.00271506144678357	0.012
rs6692559	A	C	-0.000933867650477062	0.0074	-0.00371953119868646	0.0096375	-0.00499828095872775	0.0108523	-0.00114047960306102	0.0018	0.0013034699513319	0.0053	-9.63927140869907e-05	0.013
rs6704431	A	T	-0.000404022464782529	0.0071	-0.00285362681395795	0.0092746	-0.00794794007706673	0.0108488	0.000950399669217519	0.0018	0.000507395930207727	0.0059	-0.00355046496887083	0.012
rs6728657	A	G	-0.000606033697173794	0.0071	2.01525065415647e-05	0.0094061	-0.00787056713110426	0.0107642	0.00191198051101407	0.0017	0.00198672674935032	0.0051	0.00292391232730539	0.012
rs673092	A	C	-0.00273633396602713	0.0071	-0.000490842309674334	0.0092355	-0.00324110340780631	0.0108454	-0.00382396102202814	0.0017	0.000225764403335263	0.0051	-0.000543012289356715	0.012
rs6809739	T	C	0.000434630227266054	0.0072	0.00440761251898792	0.0096896	-0.00713538567411328	0.0108906	0.00266111907380905	0.0018	0.00478004813970753	0.0066	-0.00347013770713167	0.013
rs6844013	A	G	0.00211882235792201	0.0072	-0.00235226555515451	0.0092692	0.00257617606811491	0.0109782	-0.000570239801530511	0.0018	0.00392830061803358	0.0051	0.0031327632078272	0.012
rs6845599	T	G	0.00179973643403127	0.0071	-0.0015616007490646	0.0091454	-0.0127929558205875	0.0107863	0.0012075666385352	0.0017	0.0024834084366879	0.0051	-0.00158726669196578	0.012
rs6872163	A	G	0.00105382945515194	0.0073	0.000538073704421879	0.0093485	-0.00865002009261243	0.0109025	0.00446687844532234	0.0018	0.00325100740802779	0.0051	-0.000173506885356583	0.013
rs6881	T	G	0.000202011232391265	0.0071	0.00176261779270002	0.0092985	-0.0023755901374513	0.0108086	-0.00311954714954927	0.0017	0.00302524300469253	0.0051	-0.0031327632078272	0.012
rs6883334	A	G	0.000417245018175412	0.0075	0.00241649230962849	0.0095375	-0.00934972879737674	0.0108706	0.000570239801530511	0.0018	0.00550112596126925	0.0054	-0.00192785428173981	0.013
rs6922067	A	T	0.00167118383160046	0.0071	-0.00217749038705211	0.0092605	-0.0149446668653778	0.0108813	0.000805044425690134	0.0017	0.00401860637936769	0.0051	0.000960714050400341	0.012
rs692389	C	G	-0.000517983969481462	0.0073	0.00118993911443441	0.0094278	0.00999299467359935	0.0108289	0.000805044425690134	0.0017	0.000651734975665949	0.0053	-0.00150372633975706	0.013
rs6938857	T	G	0.000796822083321099	0.0072	-0.00177314490468919	0.0095614	-0.00539004919153628	0.0108284	0.00218591923920029	0.0018	8.52887745933217e-05	0.0054	0.00208850880521813	0.012
rs6954657	A	G	-0.000899868217015633	0.0071	-0.00139460473269562	0.0091117	-0.00437078511225333	0.0109146	-0.00342143880918307	0.0017	0.00130943353934453	0.0051	-0.0031327632078272	0.012
rs697266	C	G	0.00018364657490115	0.0071	-0.00376217259876882	0.0091725	0.0145853940718431	0.0107842	-0.00128303955344365	0.0016	0.000127933161889983	0.0036	0.00385570856347963	0.013
rs6990907	A	G	-0.00205407436173683	0.0073	0.00167671546861223	0.0098645	0.00160009259189934	0.0108326	-0.00171071940459153	0.0018	0.000767598971339895	0.0054	-0.00109887694059169	0.013
rs7001952	A	G	0.000752950957094713	0.0071	0.00447720482806631	0.0092736	-0.0235948641244883	0.0107855	-0.0027170249367042	0.0017	0.000531414672466081	0.0052	-0.00480357025200171	0.012
rs7040065	C	G	0.00130389068179816	0.0071	0.00185381387080744	0.0092214	-0.00343230809648194	0.0108593	-0.00533341932019714	0.0017	0.00383799485669948	0.0051	-0.00208850880521813	0.012
rs7077566	A	G	-0.000569304382193564	0.0071	-0.00260882423286813	0.0094245	-0.00296133720221074	0.0108322	-0.00412585268166194	0.0017	0.00522557761258313	0.0052	0.00173346230833105	0.012
rs7087802	T	C	0.00113860876438713	0.0071	0.00298144359596159	0.009229	0.00243515189637161	0.0108237	-0.00311954714954927	0.0017	0.000767598971339895	0.0051	-0.000334161408834901	0.012
rs7144273	T	C	-0.00102842081944644	0.0071	-0.00143906510036319	0.0093876	-0.00419586214732293	0.0108018	-0.0003018916596338	0.0017	0.00382351185724023	0.0053	-0.000417701761043627	0.012
rs7155613	A	C	0.00163867342442201	0.0074	0.00124643649457066	0.009657	-0.00457479397675817	0.0108872	-0.0063397248523098	0.0017	0.000354276448310721	0.0052	-0.00160815178001796	0.012
rs7175241	T	C	0.00130389068179816	0.0076	-0.00238774451972638	0.0103794	-0.00709396609768291	0.0109171	-0.00446687844532234	0.0018	0.00222339012388108	0.0058	0.000886812969600315	0.013
rs7190333	T	C	0.000404022464782529	0.0071	0.00164400293566283	0.0096277	-0.00902431463682426	0.0107732	-0.000665279768452263	0.0018	0.00249794919486881	0.0059	0.00173506885356583	0.013
rs7261918	A	G	-0.00105035638255963	0.0072	0.00202887500793017	0.0092985	0.000132003567803687	0.0107642	0.00251576383028167	0.0017	0.000263176790173678	0.0035	-0.0013366456353396	0.012
rs730781	T	C	-0.00175042858652356	0.0073	0.00152311568640883	0.0095495	-0.000105762466909356	0.0107968	-0.000704413872478867	0.0017	0.00172709768551476	0.0052	0.00229735968573995	0.012
rs730782	A	G	-0.00171470555414553	0.0073	0.00143943511226124	0.0095506	-0.000120744188933877	0.0107909	-0.000704413872478867	0.0017	0.000398561004349561	0.0052	0.0019005430127485	0.012
rs747527	A	G	-0.000339368807591302	0.0073	0.00290729612195525	0.0094278	-0.00640229918666508	0.0108956	-0.00352206936239434	0.0017	0.00185995135363128	0.0052	0.000710092993774165	0.012
rs7522061	T	C	-0.00101005616195632	0.0071	-0.000456349382991906	0.0092953	-0.00269449363127484	0.0108196	-0.001509458298169	0.0017	0.00239310267535379	0.0051	0.000751863169878528	0.012
rs7524442	T	C	0.000569304382193564	0.0071	0.000543753822258766	0.0091063	-0.00546059883217933	0.0107854	0.00251576383028167	0.0017	0.001715809465348	0.0051	0.000647437729617621	0.012
rs7547121	A	T	0.00199205520830275	0.0072	0.00222946541952563	0.0091877	0.00301954252627299	0.0108159	0.000100630553211267	0.0017	0.00363133359518489	0.0052	0.00171257722027887	0.012
rs7604232	A	G	0.000697856984624368	0.0071	4.83483467826278e-05	0.0094191	-0.00748571969783338	0.0107667	-0.00191198051101407	0.0017	0.00230279691401969	0.0051	-0.00271506144678357	0.012
rs7605769	T	C	0.00161175375944495	0.0072	-0.00168109739714737	0.0096559	-0.00388164616197	0.0108252	-0.00161008885138027	0.0017	0.00147726594484282	0.0053	-0.00200496845300941	0.012
rs761137	A	G	-0.0020101648011055	0.0072	-0.00466357437482458	0.0092822	0.0117653422579171	0.0108811	0.000402522212845067	0.0017	0.000180611522668211	0.0051	-4.17701761043627e-05	0.012
rs7624292	T	C	0.00039841104166055	0.0072	0.00340669158505142	0.0095386	0.00186948003579052	0.0108898	-0.000665279768452263	0.0018	0.00416885648227702	0.0058	-0.0010795983977743	0.013
rs7637894	T	C	0.0011805496713578	0.0074	0.00166052988246481	0.0096516	-0.00563660850551055	0.0107875	-0.00171071940459153	0.0017	0.00314420347875765	0.0052	-0.00250621056626176	0.012
rs7647092	A	G	-0.00179725472355963	0.0074	0.000439489821433773	0.0097939	0.00208133137052186	0.0107597	-0.00261639438349293	0.0017	0.000180611522668211	0.0051	0.000292391232730539	0.012
rs7677278	A	G	-0.00139571396924874	0.0071	-0.00101843367130902	0.0092518	-0.00828796577894013	0.0107319	0.00261639438349293	0.0017	0.0016255037040139	0.0051	0.0031327632078272	0.012
rs7694012	C	G	-0.00345354829233027	0.0074	0.0012570856640376	0.0097646	0.0112011817623801	0.0108064	0.00191198051101407	0.0017	0.00191899742834974	0.0054	-0.00181218302483543	0.013
rs7736400	A	C	-0.00227746239087412	0.0075	-0.00265045758382296	0.0096733	0.000313736256075687	0.0106554	-0.00130819719174647	0.0017	0.00115139845700984	0.0052	-0.000334161408834901	0.012
rs7760700	C	G	-0.00191961683709174	0.0072	0.00424314158718215	0.0092725	-0.00693917733152344	0.0108111	-0.000704413872478867	0.0017	0.00100485683520859	0.0055	-0.00196916544491995	0.014
rs7787818	C	G	-0.00157936054414989	0.0071	0.00234974114738788	0.0091552	-0.00650328125038712	0.0108265	-0.000100630553211267	0.0017	0.00401860637936769	0.0051	-0.00208850880521813	0.012
rs784551	A	G	-0.000367293149802299	0.0071	3.193076442738e-05	0.0094115	-0.00159235028304427	0.0107336	-0.00553468042661967	0.0017	0.000722446090672843	0.0051	-0.000459471937147989	0.012
rs7848045	A	G	-0.00179973643403127	0.0071	0.00175162788558347	0.0092605	-0.00619904249202646	0.0108399	-0.00503152766056334	0.0017	0.000451528806670527	0.0051	-0.00202585354106159	0.012
rs7915846	T	C	0.000202011232391265	0.0071	-0.00204922906736832	0.0092366	0.010569505181829	0.0108243	-0.0104655775339717	0.0017	0.000180611522668211	0.0051	-0.00584782465461077	0.012
rs7963994	A	G	0.00316917874048164	0.0072	-0.00233168773913709	0.0095592	-0.00826238721121066	0.0108002	-0.000100630553211267	0.0017	0.00212218539135148	0.0051	0.00127399037118306	0.012
rs8001050	A	G	0.000410814872347366	0.0073	-0.000912473531162514	0.0094952	0.00846026709521126	0.0108712	-0.001509458298169	0.0017	0.00429560193576749	0.0052	0.00229735968573995	0.012
rs8057922	T	C	0.000178615161890159	0.0073	0.00107267122580194	0.0093594	-0.00460403031681002	0.0107365	-0.000704413872478867	0.0017	0.000442845560388401	0.0052	-0.00355046496887083	0.012
rs8058667	T	C	0.000178615161890159	0.0073	0.00107303908977496	0.0093605	-0.00460403031681002	0.0107365	-0.000805044425690134	0.0017	0.000531414672466081	0.0052	-0.00355046496887083	0.012
rs8058679	T	C	0.000160753645701143	0.0073	0.00107662846422551	0.0093615	-0.00460403031681002	0.0107365	-0.000805044425690134	0.0017	0.000575699228504922	0.0052	-0.00355046496887083	0.012
rs8059080	A	C	-0.000196476678079175	0.0073	0.00105933384468444	0.0093594	-0.00461215261141057	0.0107368	0.000704413872478867	0.0017	0.000354276448310721	0.0052	0.00355046496887083	0.012
rs8085887	A	C	0.00196476678079175	0.0073	-0.000842508322644837	0.0093865	0.00183150475017652	0.0108216	0.0134844941303097	0.0017	0.00410769179257566	0.0037	0.00522127201304533	0.012
rs8086325	T	C	0.00198262829698077	0.0073	-0.000696538397128594	0.0093789	0.00195803690434924	0.0108261	0.0143272750134541	0.0016	0.00565830098873409	0.0035	0.00522127201304533	0.012
rs8093346	A	G	0.00239344316932813	0.0073	-0.00432344278486952	0.0093735	-0.00914256471349771	0.0107695	0.00231450272385913	0.0017	0.00330212387670747	0.0053	0.000848255883965519	0.013
rs8109165	A	G	0.00208260317231651	0.0072	0.000706984988593649	0.0094365	-0.000973707671676299	0.0108576	0.00228095920612205	0.0018	0.00106610968241652	0.0054	-0.00133021945440047	0.013
rs8124053	A	C	-0.00132200027460091	0.0072	-0.004445152396532	0.0092323	0.00925634087362763	0.010803	0.00915738034222527	0.0017	0.00167065658468095	0.0051	0.00154549651586142	0.012
rs8181930	A	G	-0.00219696649124896	0.0073	0.00232284335248117	0.0096364	-0.00733762313381738	0.0108305	0.0054340498734084	0.0017	0.00103851625534221	0.0051	-0.000730978081826346	0.012
rs849091	A	T	-0.00144876742422018	0.0072	-0.000193415975018157	0.009418	-0.0019387785091179	0.0107961	0.00100630553211267	0.0017	0.00312832788319655	0.0053	-0.00462685027617556	0.013
rs880977	T	C	-0.00221482800743797	0.0073	-0.00142495917113987	0.0096168	0.00810209449471734	0.0108313	-0.000805044425690134	0.0017	0.000376821313203221	0.0055	-0.00424127941982759	0.013
rs882865	A	G	0.00150309620262844	0.0072	-0.000723667043938814	0.0093148	0.00286201151258579	0.0107716	0.0006037833192676	0.0017	0.00221249115268558	0.0051	0.00375931584939264	0.012
rs883115	T	C	0.00119523312498165	0.0072	-0.000834432544773863	0.0094441	0.00300951083740063	0.0108046	-0.0012075666385352	0.0017	4.51528806670527e-05	0.0051	0.00271506144678357	0.012
rs890745	T	C	0.00148498660982568	0.0072	0.00215929365510757	0.0095473	0.000133230670179041	0.0108037	0.00161008885138027	0.0017	0.000797122008699122	0.0052	-0.00106513949066125	0.012
rs904505	A	G	0.00119672158466407	0.0073	-0.000709027898428883	0.0095006	0.00289455962355989	0.0108058	-0.00110693608532393	0.0017	4.51528806670527e-05	0.0051	0.00250621056626176	0.012
rs923711	A	G	-0.000670054933701833	0.0072	-0.000141737531122654	0.0092964	0.00483146737859675	0.0107451	0.00161008885138027	0.0017	0.005147428396044	0.0051	0.00501242113252352	0.012
rs929642	T	G	-0.000881503559525518	0.0071	0.00161142742063043	0.0093561	-0.00146334618129934	0.0107845	-0.00235223918131336	0.0016	0.00243438530910653	0.0035	0.00169169213222669	0.012
rs9298090	A	T	0.00289356562262058	0.0073	0.00164791003580129	0.0094169	-0.00616266742387553	0.010896	-0.00201261106422533	0.0017	0.00126428065867747	0.0051	-0.00250621056626176	0.013
rs9391934	A	G	-0.000416520634463302	0.0072	0.00125554459417456	0.0092942	0.00294063314487092	0.0108491	-0.000805044425690134	0.0017	0.00397345349870063	0.0051	0.0016648398761596	0.014
rs9397385	T	C	0.0020101648011055	0.0072	-0.0047410844202014	0.0092855	0.0124137566369802	0.0108842	-0.000402522212845067	0.0017	4.51528806670527e-05	0.0051	-6.2655264156544e-05	0.012
rs943134	T	C	-0.000857352777072764	0.0073	-0.00136357997612522	0.0095038	0.00108747993543562	0.0108246	0.000503152766056334	0.0017	0.00051173264755993	0.0054	-0.000250621056626176	0.012
rs946207	A	G	-0.000428676388536382	0.0073	0.00235908404028493	0.0095256	0.00642275986055637	0.010706	0.000402522212845067	0.0017	0.000442845560388401	0.0052	-0.00327735227895769	0.013
rs9520604	A	G	-0.00215576592723963	0.0075	-0.00308267631643493	0.0097808	-0.00568570803725932	0.0107943	0.00110693608532393	0.0017	0.000469088260263269	0.0054	-0.00417701761043627	0.012
rs9553155	C	G	-0.000550939724703449	0.0071	-0.000730196006993201	0.009279	-0.00385208148114034	0.0107706	0.00171071940459153	0.0017	0.00144489218134569	0.0051	-0.00250621056626176	0.012
rs9583185	A	G	-0.00130389068179816	0.0072	0.00223614736220322	0.009367	-0.00430152435645615	0.0107161	-0.0021132416174366	0.0017	0.000885691120776802	0.0052	0.000689207905721984	0.012
rs9606017	A	G	0.00087521429326178	0.0073	-0.00126577934282689	0.0093268	0.00452196859744362	0.0108839	0.00342143880918307	0.0017	0.000221422780194201	0.0052	0.000459471937147989	0.012
rs9766	A	G	0.00255268739112598	0.0071	-0.00538807904384638	0.009292	0.000114732929725814	0.0108205	0.0054340498734084	0.0017	0.00573441584471569	0.0051	0.00173346230833105	0.012
rs9790644	A	G	-0.000597616562490824	0.0072	0.00088393767093333	0.0093833	0.00556988469582174	0.0107656	-0.0018113499578028	0.0017	0.00352192469203011	0.0051	-0.000981599138452522	0.012
rs9810857	A	G	-0.00155395190844438	0.0073	-0.000714661840735276	0.0095842	-0.00252987514576936	0.0107714	0.00412585268166194	0.0017	0.00139036794808736	0.0053	0.00192142810080068	0.012
rs9824693	T	C	0.000196476678079175	0.0073	0.00416514416076801	0.0097081	-0.0070789524883829	0.0108937	0.0025660791068873	0.0018	0.00474730440736366	0.0065	-0.00347013770713167	0.013
rs9835882	T	C	0.000642763012154024	0.0071	0.00070852475716282	0.0093018	0.0162357362746567	0.0108238	-0.00161008885138027	0.0017	0.000586987448671685	0.0051	-0.00192142810080068	0.012
rs984826	C	G	0.00114313703609702	0.0073	0.000445933736568705	0.0094191	0.00239634926267164	0.0109507	0.00579743798222687	0.0018	0.00312522438331243	0.0056	0.0031327632078272	0.012
rs988489	T	G	0.000670054933701833	0.0072	0.00338349599867852	0.0093594	0.00457066222378174	0.0108399	0.000503152766056334	0.0017	0.00128425212512636	0.0052	0.00271506144678357	0.012
rs9966535	T	C	-0.00224048821379403	0.0071	0.00362168888170867	0.0092149	0.0151776648399137	0.0107998	-0.001509458298169	0.0017	9.03057613341053e-05	0.0051	0.00375931584939264	0.012
rs9971380	T	G	1.8364657490115e-05	0.0071	-0.00287566635182782	0.0093659	-0.0116040184318399	0.0107962	-0.00442774434129574	0.0017	0.000767598971339895	0.0051	0.00139930089949615	0.012
rs9983428	A	C	0.00108657556816514	0.0072	-0.00533411278487078	0.0092898	0.00272120479613911	0.0107742	0.0027170249367042	0.0017	0.00158035082334684	0.0051	0.00208850880521813	0.012
